(LC169995.1:-0.00000,((((((((LC170002.1:-0.00000,LC170004.1:0.10256):0.00392,
LC170003.1:-0.00000):0.00036,LC170005.1:-0.00000):0.02386,
LC170009.1:0.00000):0.50214,LC169998.1:0.00000):0.17628,
LC170007.1:0.00000):0.03454,LC170008.1:0.00000):0.04523,
LC170000.1:-0.00000):0.00000,LC170006.1:0.11111);